Latitude: -8.126508
Longitude: 114.397526

Pelabuhan+Tanjung+Wangi/@-8.1270392,114.396026